Steps: [16, 13, 11, 13, 7, 14, 14, 13, 12, 16, 15, 16, 14, 12, 16, 13, 17, 14, 13, 10, 11, 14, 16, 11, 14, 15, 11, 13, 18, 14, 18, 17, 12, 14, 17, 14, 13, 14, 9, 14, 17, 13, 18, 14, 15, 13, 17, 14, 9, 13], Rewards: [5, 8, 10, 8, 14, 7, 7, 8, 9, 5, 6, 5, 7, 9, 5, 8, 4, 7, 8, 11, 10, 7, 5, 10, 7, 6, 10, 8, 3, 7, 3, 4, 9, 7, 4, 7, 8, 7, 12, 7, 4, 8, 3, 7, 6, 8, 4, 7, 12, 8]
Avg steps for 50 episodes, discount 0.5: 13.82
Avg reward for 50 episodes, discount 0.5: 7.18
Steps: [16, 12, 15, 13, 18, 14, 16, 15, 14, 13, 7, 12, 17, 12, 15, 13, 15, 11, 11, 12, 13, 16, 16, 13, 12, 13, 16, 11, 14, 8, 14, 16, 14, 12, 12, 13, 9, 15, 11, 14, 10, 17, 16, 10, 16, 12, 15, 13, 13, 14, 17, 11, 15, 10, 16, 15, 14, 15, 12, 10, 17, 14, 14, 13, 12, 9, 11, 14, 14, 16, 10, 13, 12, 16, 17, 13, 13, 9, 12, 12, 10, 13, 11, 17, 18, 15, 15, 10, 10, 17, 8, 12, 14, 12, 14, 15, 15, 17, 13, 14], Rewards: [5, 9, 6, 8, 3, 7, 5, 6, 7, 8, 14, 9, 4, 9, 6, 8, 6, 10, 10, 9, 8, 5, 5, 8, 9, 8, 5, 10, 7, 13, 7, 5, 7, 9, 9, 8, 12, 6, 10, 7, 11, 4, 5, 11, 5, 9, 6, 8, 8, 7, 4, 10, 6, 11, 5, 6, 7, 6, 9, 11, 4, 7, 7, 8, 9, 12, 10, 7, 7, 5, 11, 8, 9, 5, 4, 8, 8, 12, 9, 9, 11, 8, 10, 4, 3, 6, 6, 11, 11, 4, 13, 9, 7, 9, 7, 6, 6, 4, 8, 7]
Avg steps for 100 episodes, discount 0.5: 13.35
Avg reward for 100 episodes, discount 0.5: 7.65
Steps: [7, 10, 15, 13, 16, 17, 13, 13, 16, 14, 15, 13, 10, 11, 10, 15, 12, 13, 13, 11, 10, 10, 14, 11, 11, 10, 12, 12, 11, 16, 16, 10, 10, 14, 14, 14, 15, 13, 13, 10, 11, 15, 14, 8, 11, 10, 12, 10, 13, 18], Rewards: [14, 11, 6, 8, 5, 4, 8, 8, 5, 7, 6, 8, 11, 10, 11, 6, 9, 8, 8, 10, 11, 11, 7, 10, 10, 11, 9, 9, 10, 5, 5, 11, 11, 7, 7, 7, 6, 8, 8, 11, 10, 6, 7, 13, 10, 11, 9, 11, 8, 3]
Avg steps for 50 episodes, discount 0.7: 12.5
Avg reward for 50 episodes, discount 0.7: 8.5
Steps: [12, 12, 15, 13, 15, 10, 16, 14, 14, 14, 8, 14, 12, 11, 11, 13, 14, 13, 13, 13, 15, 10, 13, 14, 12, 10, 14, 10, 6, 10, 15, 14, 14, 6, 12, 6, 10, 12, 14, 12, 15, 17, 11, 8, 16, 11, 17, 15, 11, 17, 16, 16, 15, 15, 10, 12, 11, 10, 13, 10, 17, 11, 8, 16, 12, 17, 16, 11, 11, 16, 10, 14, 14, 13, 12, 11, 14, 14, 11, 16, 13, 14, 13, 14, 13, 11, 14, 15, 13, 14, 7, 14, 12, 16, 17, 10, 13, 15, 15, 18], Rewards: [9, 9, 6, 8, 6, 11, 5, 7, 7, 7, 13, 7, 9, 10, 10, 8, 7, 8, 8, 8, 6, 11, 8, 7, 9, 11, 7, 11, 15, 11, 6, 7, 7, 15, 9, 15, 11, 9, 7, 9, 6, 4, 10, 13, 5, 10, 4, 6, 10, 4, 5, 5, 6, 6, 11, 9, 10, 11, 8, 11, 4, 10, 13, 5, 9, 4, 5, 10, 10, 5, 11, 7, 7, 8, 9, 10, 7, 7, 10, 5, 8, 7, 8, 7, 8, 10, 7, 6, 8, 7, 14, 7, 9, 5, 4, 11, 8, 6, 6, 3]
Avg steps for 100 episodes, discount 0.7: 12.87
Avg reward for 100 episodes, discount 0.7: 8.13
Steps: [10, 10, 10, 13, 14, 13, 13, 11, 15, 17, 13, 11, 12, 9, 17, 11, 12, 12, 14, 14, 15, 16, 10, 16, 16, 12, 15, 7, 14, 16, 17, 8, 16, 10, 16, 15, 11, 14, 14, 11, 15, 11, 10, 13, 15, 13, 12, 9, 10, 16], Rewards: [11, 11, 11, 8, 7, 8, 8, 10, 6, 4, 8, 10, 9, 12, 4, 10, 9, 9, 7, 7, 6, 5, 11, 5, 5, 9, 6, 14, 7, 5, 4, 13, 5, 11, 5, 6, 10, 7, 7, 10, 6, 10, 11, 8, 6, 8, 9, 12, 11, 5]
Avg steps for 50 episodes, discount 0.9: 12.88
Avg reward for 50 episodes, discount 0.9: 8.12
Steps: [13, 14, 12, 12, 12, 9, 11, 13, 10, 15, 10, 12, 14, 17, 13, 17, 14, 14, 8, 16, 16, 18, 14, 15, 13, 13, 16, 11, 14, 11, 12, 11, 16, 14, 10, 13, 18, 15, 14, 12, 13, 16, 15, 13, 14, 11, 14, 10, 12, 15, 13, 6, 11, 15, 13, 11, 9, 10, 15, 13, 15, 12, 17, 10, 12, 10, 7, 13, 10, 16, 9, 11, 14, 11, 11, 10, 13, 12, 10, 14, 11, 14, 15, 15, 16, 6, 13, 12, 9, 13, 15, 16, 12, 16, 12, 10, 14, 13, 18, 13], Rewards: [8, 7, 9, 9, 9, 12, 10, 8, 11, 6, 11, 9, 7, 4, 8, 4, 7, 7, 13, 5, 5, 3, 7, 6, 8, 8, 5, 10, 7, 10, 9, 10, 5, 7, 11, 8, 3, 6, 7, 9, 8, 5, 6, 8, 7, 10, 7, 11, 9, 6, 8, 15, 10, 6, 8, 10, 12, 11, 6, 8, 6, 9, 4, 11, 9, 11, 14, 8, 11, 5, 12, 10, 7, 10, 10, 11, 8, 9, 11, 7, 10, 7, 6, 6, 5, 15, 8, 9, 12, 8, 6, 5, 9, 5, 9, 11, 7, 8, 3, 8]
Avg steps for 100 episodes, discount 0.9: 12.81
Avg reward for 100 episodes, discount 0.9: 8.19
Best combination - Discount factor: 0.7, Episode amount: 50, Avg reward: 8.5
