Steps: [10, 24, 6, 20, 34, 62, 39, 13, 68, 11, 25, 9, 42, 19, 51, 29, 56, 7, 31, 28, 10, 29, 15, 21, 60, 27, 17, 12, 31, 35, 56, 38, 48, 14, 23, 10, 17, 35, 27, 39, 8, 28, 45, 24, 8, 29, 42, 11, 36, 20], Rewards: [0.0, 0.0, 0.0, 1.0, 1.0, 0.0, 0.0, 0.0, 0.0, 1.0, 0.0, 0.0, 0.0, 1.0, 0.0, 0.0, 1.0, 1.0, 1.0, 0.0, 1.0, 1.0, 0.0, 1.0, 0.0, 1.0, 0.0, 0.0, 1.0, 0.0, 0.0, 0.0, 0.0, 0.0, 0.0, 0.0, 0.0, 1.0, 1.0, 1.0, 1.0, 0.0, 0.0, 0.0, 0.0, 0.0, 0.0, 0.0, 0.0, 0.0]
Avg steps for 50 episodes, discount 0.5: 27.98
Avg reward for 50 episodes, discount 0.5: 0.32
Steps: [18, 17, 9, 20, 33, 18, 71, 15, 28, 17, 30, 36, 12, 16, 10, 36, 28, 21, 48, 13, 5, 40, 6, 36, 28, 9, 21, 29, 14, 17, 52, 10, 23, 66, 46, 49, 27, 15, 8, 8, 28, 48, 10, 30, 35, 23, 21, 34, 22, 35, 5, 15, 29, 18, 10, 45, 23, 20, 24, 11, 19, 52, 10, 44, 19, 48, 41, 38, 45, 15, 12, 29, 10, 7, 19, 37, 39, 86, 24, 35, 20, 21, 26, 8, 25, 36, 11, 12, 26, 14, 20, 8, 8, 56, 15, 16, 24, 15, 25, 38], Rewards: [0.0, 0.0, 1.0, 0.0, 0.0, 0.0, 0.0, 1.0, 1.0, 1.0, 1.0, 1.0, 0.0, 1.0, 0.0, 0.0, 1.0, 1.0, 1.0, 0.0, 0.0, 0.0, 0.0, 0.0, 0.0, 1.0, 0.0, 0.0, 0.0, 0.0, 1.0, 1.0, 1.0, 1.0, 0.0, 1.0, 1.0, 0.0, 1.0, 0.0, 0.0, 0.0, 1.0, 0.0, 1.0, 1.0, 1.0, 1.0, 1.0, 0.0, 0.0, 1.0, 1.0, 0.0, 0.0, 0.0, 0.0, 0.0, 0.0, 0.0, 0.0, 0.0, 1.0, 0.0, 0.0, 0.0, 1.0, 0.0, 0.0, 1.0, 1.0, 0.0, 1.0, 0.0, 0.0, 0.0, 0.0, 1.0, 0.0, 1.0, 1.0, 1.0, 1.0, 0.0, 1.0, 1.0, 0.0, 0.0, 0.0, 1.0, 0.0, 0.0, 0.0, 1.0, 0.0, 1.0, 0.0, 0.0, 0.0, 0.0]
Avg steps for 100 episodes, discount 0.5: 25.44
Avg reward for 100 episodes, discount 0.5: 0.41
Steps: [12, 34, 88, 50, 39, 14, 77, 24, 12, 13, 35, 20, 78, 20, 34, 23, 63, 17, 30, 17, 10, 17, 22, 29, 7, 24, 46, 8, 16, 14, 29, 14, 27, 11, 17, 41, 29, 13, 26, 28, 26, 12, 30, 9, 18, 17, 14, 33, 44, 10], Rewards: [1.0, 1.0, 0.0, 0.0, 0.0, 1.0, 1.0, 1.0, 1.0, 1.0, 0.0, 0.0, 0.0, 0.0, 0.0, 1.0, 0.0, 0.0, 0.0, 1.0, 1.0, 0.0, 0.0, 1.0, 0.0, 1.0, 0.0, 1.0, 1.0, 0.0, 0.0, 0.0, 0.0, 0.0, 0.0, 0.0, 1.0, 1.0, 0.0, 0.0, 0.0, 0.0, 0.0, 1.0, 1.0, 0.0, 0.0, 0.0, 0.0, 0.0]
Avg steps for 50 episodes, discount 0.7: 26.82
Avg reward for 50 episodes, discount 0.7: 0.36
Steps: [20, 23, 5, 35, 19, 9, 10, 77, 28, 37, 16, 12, 28, 18, 44, 30, 11, 12, 35, 53, 14, 23, 32, 14, 63, 73, 13, 54, 19, 8, 10, 6, 29, 86, 22, 72, 31, 16, 43, 13, 17, 40, 22, 15, 40, 12, 26, 26, 19, 15, 31, 23, 7, 30, 13, 10, 54, 23, 35, 59, 12, 18, 12, 18, 34, 36, 13, 41, 4, 36, 10, 19, 5, 35, 27, 10, 68, 31, 43, 18, 28, 64, 6, 41, 37, 22, 10, 36, 15, 46, 10, 56, 22, 45, 78, 16, 11, 15, 17, 54], Rewards: [1.0, 1.0, 0.0, 0.0, 1.0, 1.0, 0.0, 1.0, 0.0, 0.0, 0.0, 1.0, 0.0, 0.0, 1.0, 1.0, 0.0, 0.0, 1.0, 1.0, 1.0, 0.0, 1.0, 0.0, 0.0, 1.0, 0.0, 1.0, 0.0, 1.0, 0.0, 0.0, 1.0, 0.0, 1.0, 0.0, 1.0, 0.0, 1.0, 1.0, 1.0, 0.0, 0.0, 0.0, 0.0, 0.0, 1.0, 0.0, 0.0, 1.0, 1.0, 1.0, 1.0, 0.0, 1.0, 1.0, 0.0, 1.0, 1.0, 0.0, 0.0, 1.0, 1.0, 0.0, 0.0, 1.0, 1.0, 1.0, 0.0, 1.0, 0.0, 0.0, 0.0, 0.0, 1.0, 0.0, 1.0, 1.0, 1.0, 1.0, 1.0, 0.0, 0.0, 1.0, 1.0, 1.0, 0.0, 0.0, 0.0, 1.0, 0.0, 0.0, 0.0, 1.0, 0.0, 1.0, 0.0, 0.0, 0.0, 0.0]
Avg steps for 100 episodes, discount 0.7: 27.99
Avg reward for 100 episodes, discount 0.7: 0.48
Steps: [87, 164, 46, 151, 27, 49, 12, 32, 198, 161, 84, 124, 37, 12, 32, 29, 109, 72, 30, 29, 19, 17, 45, 7, 58, 16, 6, 22, 17, 22, 24, 35, 51, 25, 23, 122, 14, 24, 74, 70, 30, 58, 74, 39, 14, 73, 36, 75, 10, 84], Rewards: [1.0, 0.0, 1.0, 1.0, 1.0, 1.0, 1.0, 1.0, 0.0, 1.0, 1.0, 1.0, 0.0, 1.0, 1.0, 1.0, 0.0, 1.0, 1.0, 1.0, 1.0, 1.0, 1.0, 1.0, 0.0, 1.0, 1.0, 1.0, 1.0, 1.0, 1.0, 0.0, 1.0, 1.0, 1.0, 1.0, 1.0, 0.0, 1.0, 0.0, 1.0, 1.0, 1.0, 1.0, 1.0, 1.0, 1.0, 1.0, 0.0, 1.0]
Avg steps for 50 episodes, discount 0.9: 53.38
Avg reward for 50 episodes, discount 0.9: 0.82
Steps: [58, 42, 50, 27, 180, 36, 11, 87, 63, 72, 41, 19, 43, 25, 15, 62, 32, 46, 7, 11, 16, 26, 41, 43, 12, 60, 28, 15, 22, 35, 29, 17, 70, 44, 34, 64, 8, 81, 52, 61, 61, 54, 11, 58, 39, 9, 60, 24, 43, 14, 67, 9, 43, 29, 20, 59, 18, 136, 20, 16, 54, 54, 40, 62, 17, 32, 80, 53, 6, 22, 59, 74, 17, 23, 64, 45, 19, 7, 55, 134, 85, 41, 16, 63, 54, 56, 83, 10, 19, 20, 52, 24, 38, 34, 68, 45, 122, 22, 24, 87], Rewards: [1.0, 1.0, 0.0, 1.0, 0.0, 1.0, 1.0, 1.0, 1.0, 0.0, 1.0, 1.0, 0.0, 1.0, 1.0, 1.0, 1.0, 1.0, 1.0, 1.0, 1.0, 1.0, 0.0, 1.0, 1.0, 0.0, 0.0, 1.0, 1.0, 1.0, 0.0, 1.0, 0.0, 1.0, 0.0, 1.0, 0.0, 1.0, 1.0, 1.0, 1.0, 1.0, 0.0, 1.0, 1.0, 1.0, 1.0, 1.0, 0.0, 1.0, 1.0, 1.0, 0.0, 0.0, 0.0, 1.0, 0.0, 0.0, 1.0, 1.0, 0.0, 1.0, 1.0, 1.0, 1.0, 1.0, 1.0, 1.0, 1.0, 0.0, 0.0, 1.0, 1.0, 1.0, 1.0, 1.0, 1.0, 0.0, 1.0, 0.0, 1.0, 1.0, 1.0, 0.0, 1.0, 1.0, 1.0, 1.0, 1.0, 1.0, 0.0, 0.0, 1.0, 1.0, 1.0, 1.0, 1.0, 1.0, 1.0, 1.0]
Avg steps for 100 episodes, discount 0.9: 43.55
Avg reward for 100 episodes, discount 0.9: 0.74
Best combination - Discount factor: 0.9, Episode amount: 50, Avg reward: 0.82
